2025
2025
2025
2025
2025
2025
2025
1118
